1.4 0 Q1.4-A1 0
1.4 0 Q1.4-A2 0
1.4 0 Q1.4-A3 0
1.4 0 Q1.4-A4 0
1.4 0 Q1.4-A5 0
1.4 0 Q1.4-A6 0
1.4 0 Q1.4-A7 0
1.4 0 Q1.4-A8 0
1.5 0 Q1.5-A1 1
1.5 0 Q1.5-A2 0
1.5 0 Q1.5-A3 0
1.5 0 Q1.5-A4 0
1.5 0 Q1.5-A5 0
1.5 0 Q1.5-A6 0
1.5 0 Q1.5-A7 0
1.5 0 Q1.5-A8 0
1.5 0 Q1.5-A9 0
1.5 0 Q1.5-A10 0
1.5 0 Q1.5-A11 0
1.5 0 Q1.5-A12 0
1.5 0 Q1.5-A13 0
1.5 0 Q1.5-A14 0
1.5 0 Q1.5-A15 0
1.5 0 Q1.5-A16 0
1.5 0 Q1.5-A17 0
1.5 0 Q1.5-A18 0
1.5 0 Q1.5-A19 0
1.5 0 Q1.5-A20 0
2.1 0 Q2.1-A1 1
2.1 0 Q2.1-A2 1
2.1 0 Q2.1-A3 1
2.1 0 Q2.1-A4 1
2.1 0 Q2.1-A5 1
2.1 0 Q2.1-A6 1
2.1 0 Q2.1-A7 1
2.1 0 Q2.1-A8 1
2.1 0 Q2.1-A9 1
2.1 0 Q2.1-A10 0
2.1 0 Q2.1-A11 0
2.1 0 Q2.1-A12 0
2.1 0 Q2.1-A13 0
2.1 0 Q2.1-A14 0
2.1 0 Q2.1-A15 0
2.1 0 Q2.1-A16 0
2.1 0 Q2.1-A17 0
2.1 0 Q2.1-A18 0
2.1 0 Q2.1-A19 0
2.1 0 Q2.1-A20 0
2.1 0 Q2.1-A21 0
2.1 0 Q2.1-A22 0
2.1 0 Q2.1-A23 0
2.1 0 Q2.1-A24 0
2.1 0 Q2.1-A25 0
2.1 0 Q2.1-A26 0
2.1 0 Q2.1-A27 0
2.1 0 Q2.1-A28 0
2.1 0 Q2.1-A29 0
2.1 0 Q2.1-A30 0
2.1 0 Q2.1-A31 0
2.1 0 Q2.1-A32 0
2.1 0 Q2.1-A33 0
2.1 0 Q2.1-A34 0
2.1 0 Q2.1-A35 0
2.1 0 Q2.1-A36 0
2.1 0 Q2.1-A37 0
2.1 0 Q2.1-A38 0
2.1 0 Q2.1-A39 0
2.1 0 Q2.1-A40 0
2.1 0 Q2.1-A41 0
2.1 0 Q2.1-A42 0
2.1 0 Q2.1-A43 0
2.1 0 Q2.1-A44 0
2.1 0 Q2.1-A45 0
2.1 0 Q2.1-A46 0
2.1 0 Q2.1-A47 0
2.1 0 Q2.1-A48 0
2.1 0 Q2.1-A49 0
2.1 0 Q2.1-A50 0
2.1 0 Q2.1-A51 0
2.1 0 Q2.1-A52 0
2.1 0 Q2.1-A53 0
2.1 0 Q2.1-A54 0
2.1 0 Q2.1-A55 0
2.1 0 Q2.1-A56 0
2.1 0 Q2.1-A57 0
2.1 0 Q2.1-A58 0
2.1 0 Q2.1-A59 0
2.2 0 Q2.2-A1 1
2.2 0 Q2.2-A2 1
2.2 0 Q2.2-A3 0
2.2 0 Q2.2-A4 0
2.2 0 Q2.2-A5 0
2.2 0 Q2.2-A6 0
2.2 0 Q2.2-A7 0
2.2 0 Q2.2-A8 0
2.2 0 Q2.2-A9 0
2.2 0 Q2.2-A10 0
2.2 0 Q2.2-A11 0
2.2 0 Q2.2-A12 0
2.2 0 Q2.2-A13 0
2.4 0 Q2.4-A1 1
2.4 0 Q2.4-A2 0
2.4 0 Q2.4-A3 0
2.4 0 Q2.4-A4 0
3.1 0 Q3.1-A1 1
3.1 0 Q3.1-A2 1
3.1 0 Q3.1-A3 1
3.1 0 Q3.1-A4 0
3.1 0 Q3.1-A5 0
3.1 0 Q3.1-A6 0
3.1 0 Q3.1-A7 0
3.1 0 Q3.1-A8 0
3.1 0 Q3.1-A9 0
3.1 0 Q3.1-A10 0
3.1 0 Q3.1-A11 0
3.1 0 Q3.1-A12 0
3.1 0 Q3.1-A13 0
3.1 0 Q3.1-A14 0
3.1 0 Q3.1-A15 0
3.1 0 Q3.1-A16 0
3.1 0 Q3.1-A17 0
3.1 0 Q3.1-A18 0
3.1 0 Q3.1-A19 0
3.1 0 Q3.1-A20 0
3.1 0 Q3.1-A21 0
3.1 0 Q3.1-A22 0
3.1 0 Q3.1-A23 0
3.1 0 Q3.1-A24 0
3.2 0 Q3.2-A1 1
3.2 0 Q3.2-A2 1
3.2 0 Q3.2-A3 1
3.2 0 Q3.2-A4 1
3.2 0 Q3.2-A5 0
3.2 0 Q3.2-A6 0
4.2 0 Q4.2-A1 1
4.2 0 Q4.2-A2 1
4.2 0 Q4.2-A3 1
4.2 0 Q4.2-A4 1
4.2 0 Q4.2-A5 0
4.2 0 Q4.2-A6 0
4.2 0 Q4.2-A7 0
4.2 0 Q4.2-A8 0
4.2 0 Q4.2-A9 0
4.2 0 Q4.2-A10 0
4.2 0 Q4.2-A11 0
4.2 0 Q4.2-A12 0
4.2 0 Q4.2-A13 0
4.2 0 Q4.2-A14 0
4.2 0 Q4.2-A15 0
4.2 0 Q4.2-A16 0
4.2 0 Q4.2-A17 0
4.2 0 Q4.2-A18 0
4.2 0 Q4.2-A19 0
4.2 0 Q4.2-A20 0
4.2 0 Q4.2-A21 0
4.2 0 Q4.2-A22 0
4.2 0 Q4.2-A23 0
4.2 0 Q4.2-A24 0
4.2 0 Q4.2-A25 0
4.2 0 Q4.2-A26 0
4.2 0 Q4.2-A27 0
4.2 0 Q4.2-A28 0
4.2 0 Q4.2-A29 0
4.2 0 Q4.2-A30 0
4.2 0 Q4.2-A31 0
4.2 0 Q4.2-A32 0
4.2 0 Q4.2-A33 0
4.2 0 Q4.2-A34 0
4.2 0 Q4.2-A35 0
4.2 0 Q4.2-A36 0
4.2 0 Q4.2-A37 0
4.2 0 Q4.2-A38 0
4.2 0 Q4.2-A39 0
4.2 0 Q4.2-A40 0
4.2 0 Q4.2-A41 0
4.3 0 Q4.3-A1 1
4.3 0 Q4.3-A2 1
4.3 0 Q4.3-A3 0
4.3 0 Q4.3-A4 0
4.3 0 Q4.3-A5 0
4.3 0 Q4.3-A6 0
4.5 0 Q4.5-A1 1
4.5 0 Q4.5-A2 0
5.1 0 Q5.1-A1 1
5.1 0 Q5.1-A2 1
5.1 0 Q5.1-A3 1
5.1 0 Q5.1-A4 1
5.1 0 Q5.1-A5 1
5.1 0 Q5.1-A6 1
5.1 0 Q5.1-A7 0
5.1 0 Q5.1-A8 0
5.1 0 Q5.1-A9 0
5.1 0 Q5.1-A10 0
5.1 0 Q5.1-A11 0
5.1 0 Q5.1-A12 0
5.1 0 Q5.1-A13 0
5.1 0 Q5.1-A14 0
5.1 0 Q5.1-A15 0
5.1 0 Q5.1-A16 0
5.1 0 Q5.1-A17 0
5.1 0 Q5.1-A18 0
5.1 0 Q5.1-A19 0
5.1 0 Q5.1-A20 0
5.1 0 Q5.1-A21 0
5.1 0 Q5.1-A22 0
5.1 0 Q5.1-A23 0
5.1 0 Q5.1-A24 0
5.1 0 Q5.1-A25 0
5.1 0 Q5.1-A26 0
5.1 0 Q5.1-A27 0
5.2 0 Q5.2-A1 1
5.2 0 Q5.2-A2 1
5.2 0 Q5.2-A3 0
5.2 0 Q5.2-A4 0
5.2 0 Q5.2-A5 0
5.2 0 Q5.2-A6 0
5.2 0 Q5.2-A7 0
5.2 0 Q5.2-A8 0
5.2 0 Q5.2-A9 0
5.3 0 Q5.3-A1 1
5.3 0 Q5.3-A2 0
5.4 0 Q5.4-A1 1
5.4 0 Q5.4-A2 1
5.4 0 Q5.4-A3 1
5.4 0 Q5.4-A4 1
5.4 0 Q5.4-A5 1
5.4 0 Q5.4-A6 0
5.4 0 Q5.4-A7 0
5.4 0 Q5.4-A8 0
6.1 0 Q6.1-A1 1
6.1 0 Q6.1-A2 1
6.1 0 Q6.1-A3 0
6.1 0 Q6.1-A4 0
6.1 0 Q6.1-A5 0
6.1 0 Q6.1-A6 0
6.1 0 Q6.1-A7 0
6.1 0 Q6.1-A8 0
6.2 0 Q6.2-A1 1
6.2 0 Q6.2-A2 1
6.2 0 Q6.2-A3 1
6.2 0 Q6.2-A4 1
6.2 0 Q6.2-A5 1
6.2 0 Q6.2-A6 1
6.2 0 Q6.2-A7 1
6.2 0 Q6.2-A8 1
6.2 0 Q6.2-A9 1
6.2 0 Q6.2-A10 1
6.2 0 Q6.2-A11 1
6.2 0 Q6.2-A12 1
6.2 0 Q6.2-A13 1
6.2 0 Q6.2-A14 1
6.2 0 Q6.2-A15 1
6.2 0 Q6.2-A16 1
6.2 0 Q6.2-A17 1
6.2 0 Q6.2-A18 0
6.2 0 Q6.2-A19 0
6.2 0 Q6.2-A20 0
6.2 0 Q6.2-A21 0
6.2 0 Q6.2-A22 0
6.2 0 Q6.2-A23 0
6.2 0 Q6.2-A24 0
6.2 0 Q6.2-A25 0
6.2 0 Q6.2-A26 0
6.2 0 Q6.2-A27 0
6.2 0 Q6.2-A28 0
6.2 0 Q6.2-A29 0
6.2 0 Q6.2-A30 0
6.2 0 Q6.2-A31 0
6.2 0 Q6.2-A32 0
6.2 0 Q6.2-A33 0
6.2 0 Q6.2-A34 0
6.2 0 Q6.2-A35 0
6.2 0 Q6.2-A36 0
7.1 0 Q7.1-A1 1
8.1 0 Q8.1-A1 1
8.1 0 Q8.1-A2 1
8.1 0 Q8.1-A3 1
8.1 0 Q8.1-A4 1
8.1 0 Q8.1-A5 1
8.1 0 Q8.1-A6 1
8.1 0 Q8.1-A7 1
8.1 0 Q8.1-A8 1
8.1 0 Q8.1-A9 1
8.1 0 Q8.1-A10 0
8.1 0 Q8.1-A11 0
8.1 0 Q8.1-A12 0
8.1 0 Q8.1-A13 0
8.1 0 Q8.1-A14 0
8.1 0 Q8.1-A15 0
8.1 0 Q8.1-A16 0
8.1 0 Q8.1-A17 0
8.1 0 Q8.1-A18 0
8.1 0 Q8.1-A19 0
8.1 0 Q8.1-A20 0
8.1 0 Q8.1-A21 0
8.1 0 Q8.1-A22 0
8.1 0 Q8.1-A23 0
8.1 0 Q8.1-A24 0
8.1 0 Q8.1-A25 0
8.1 0 Q8.1-A26 0
8.1 0 Q8.1-A27 0
8.1 0 Q8.1-A28 0
8.1 0 Q8.1-A29 0
8.1 0 Q8.1-A30 0
8.1 0 Q8.1-A31 0
8.1 0 Q8.1-A32 0
8.1 0 Q8.1-A33 0
8.1 0 Q8.1-A34 0
8.1 0 Q8.1-A35 0
8.1 0 Q8.1-A36 0
8.1 0 Q8.1-A37 0
8.1 0 Q8.1-A38 0
8.1 0 Q8.1-A39 0
8.1 0 Q8.1-A40 0
8.1 0 Q8.1-A41 0
8.1 0 Q8.1-A42 0
8.1 0 Q8.1-A43 0
8.1 0 Q8.1-A44 0
8.1 0 Q8.1-A45 0
8.1 0 Q8.1-A46 0
8.1 0 Q8.1-A47 0
8.1 0 Q8.1-A48 0
8.1 0 Q8.1-A49 0
8.1 0 Q8.1-A50 0
8.1 0 Q8.1-A51 0
8.1 0 Q8.1-A52 0
8.1 0 Q8.1-A53 0
8.1 0 Q8.1-A54 0
8.1 0 Q8.1-A55 0
8.1 0 Q8.1-A56 0
8.1 0 Q8.1-A57 0
8.1 0 Q8.1-A58 0
8.1 0 Q8.1-A59 0
8.1 0 Q8.1-A60 0
8.1 0 Q8.1-A61 0
8.1 0 Q8.1-A62 0
8.1 0 Q8.1-A63 0
8.1 0 Q8.1-A64 0
8.1 0 Q8.1-A65 0
8.1 0 Q8.1-A66 0
8.1 0 Q8.1-A67 0
8.1 0 Q8.1-A68 0
8.1 0 Q8.1-A69 0
8.1 0 Q8.1-A70 0
8.1 0 Q8.1-A71 0
8.1 0 Q8.1-A72 0
8.1 0 Q8.1-A73 0
8.1 0 Q8.1-A74 0
8.1 0 Q8.1-A75 0
8.1 0 Q8.1-A76 0
8.1 0 Q8.1-A77 0
8.1 0 Q8.1-A78 0
8.1 0 Q8.1-A79 0
8.1 0 Q8.1-A80 0
8.1 0 Q8.1-A81 0
8.1 0 Q8.1-A82 0
8.1 0 Q8.1-A83 0
8.1 0 Q8.1-A84 0
8.1 0 Q8.1-A85 0
8.1 0 Q8.1-A86 0
8.1 0 Q8.1-A87 0
8.1 0 Q8.1-A88 0
8.1 0 Q8.1-A89 0
8.1 0 Q8.1-A90 0
8.1 0 Q8.1-A91 0
8.1 0 Q8.1-A92 0
8.2 0 Q8.2-A1 1
8.2 0 Q8.2-A2 1
8.2 0 Q8.2-A3 1
8.2 0 Q8.2-A4 0
8.3 0 Q8.3-A1 1
8.3 0 Q8.3-A2 1
8.3 0 Q8.3-A3 0
8.3 0 Q8.3-A4 0
9.3 0 Q9.3-A1 1
9.3 0 Q9.3-A2 1
9.3 0 Q9.3-A3 0
9.3 0 Q9.3-A4 0
9.3 0 Q9.3-A5 0
9.3 0 Q9.3-A6 0
9.3 0 Q9.3-A7 0
9.3 0 Q9.3-A8 0
9.3 0 Q9.3-A9 0
9.3 0 Q9.3-A10 0
9.3 0 Q9.3-A11 0
9.3 0 Q9.3-A12 0
9.3 0 Q9.3-A13 0
9.3 0 Q9.3-A14 0
9.3 0 Q9.3-A15 0
9.3 0 Q9.3-A16 0
9.3 0 Q9.3-A17 0
9.3 0 Q9.3-A18 0
9.3 0 Q9.3-A19 0
9.3 0 Q9.3-A20 0
9.3 0 Q9.3-A21 0
9.3 0 Q9.3-A22 0
9.3 0 Q9.3-A23 0
9.3 0 Q9.3-A24 0
9.3 0 Q9.3-A25 0
9.3 0 Q9.3-A26 0
9.3 0 Q9.3-A27 0
9.3 0 Q9.3-A28 0
9.3 0 Q9.3-A29 0
9.3 0 Q9.3-A30 0
9.3 0 Q9.3-A31 0
10.1 0 Q10.1-A1 1
10.1 0 Q10.1-A2 1
10.1 0 Q10.1-A3 1
10.1 0 Q10.1-A4 1
10.1 0 Q10.1-A5 1
10.1 0 Q10.1-A6 1
10.1 0 Q10.1-A7 0
10.1 0 Q10.1-A8 0
10.1 0 Q10.1-A9 0
10.1 0 Q10.1-A10 0
10.1 0 Q10.1-A11 0
10.1 0 Q10.1-A12 0
10.1 0 Q10.1-A13 0
10.1 0 Q10.1-A14 0
10.1 0 Q10.1-A15 0
10.1 0 Q10.1-A16 0
10.1 0 Q10.1-A17 0
10.1 0 Q10.1-A18 0
10.1 0 Q10.1-A19 0
10.1 0 Q10.1-A20 0
10.1 0 Q10.1-A21 0
10.1 0 Q10.1-A22 0
10.2 0 Q10.2-A1 1
10.2 0 Q10.2-A2 1
10.2 0 Q10.2-A3 1
10.2 0 Q10.2-A4 1
10.2 0 Q10.2-A5 0
10.2 0 Q10.2-A6 0
10.2 0 Q10.2-A7 0
10.2 0 Q10.2-A8 0
10.2 0 Q10.2-A9 0
10.2 0 Q10.2-A10 0
10.2 0 Q10.2-A11 0
10.2 0 Q10.2-A12 0
10.2 0 Q10.2-A13 0
10.2 0 Q10.2-A14 0
10.2 0 Q10.2-A15 0
10.2 0 Q10.2-A16 0
10.2 0 Q10.2-A17 0
11.1 0 Q11.1-A1 1
11.1 0 Q11.1-A2 1
11.1 0 Q11.1-A3 1
11.1 0 Q11.1-A4 1
11.1 0 Q11.1-A5 1
11.1 0 Q11.1-A6 1
11.1 0 Q11.1-A7 0
11.1 0 Q11.1-A8 0
11.1 0 Q11.1-A9 0
11.1 0 Q11.1-A10 0
11.1 0 Q11.1-A11 0
11.1 0 Q11.1-A12 0
11.1 0 Q11.1-A13 0
11.1 0 Q11.1-A14 0
11.1 0 Q11.1-A15 0
11.1 0 Q11.1-A16 0
11.1 0 Q11.1-A17 0
11.6 0 Q11.6-A1 1
11.6 0 Q11.6-A2 1
11.6 0 Q11.6-A3 0
11.6 0 Q11.6-A4 0
11.6 0 Q11.6-A5 0
11.6 0 Q11.6-A6 0
11.6 0 Q11.6-A7 0
11.6 0 Q11.6-A8 0
11.6 0 Q11.6-A9 0
11.6 0 Q11.6-A10 0
11.6 0 Q11.6-A11 0
11.6 0 Q11.6-A12 0
11.6 0 Q11.6-A13 0
11.6 0 Q11.6-A14 0
11.6 0 Q11.6-A15 0
11.6 0 Q11.6-A16 0
11.6 0 Q11.6-A17 0
11.6 0 Q11.6-A18 0
11.6 0 Q11.6-A19 0
11.6 0 Q11.6-A20 0
11.6 0 Q11.6-A21 0
11.6 0 Q11.6-A22 0
11.6 0 Q11.6-A23 0
11.6 0 Q11.6-A24 0
11.6 0 Q11.6-A25 0
11.6 0 Q11.6-A26 0
11.6 0 Q11.6-A27 0
11.6 0 Q11.6-A28 0
11.6 0 Q11.6-A29 0
11.6 0 Q11.6-A30 0
11.6 0 Q11.6-A31 0
11.6 0 Q11.6-A32 0
12.1 0 Q12.1-A1 1
12.1 0 Q12.1-A2 0
12.1 0 Q12.1-A3 0
12.1 0 Q12.1-A4 0
12.1 0 Q12.1-A5 0
12.1 0 Q12.1-A6 0
12.1 0 Q12.1-A7 0
12.1 0 Q12.1-A8 0
12.1 0 Q12.1-A9 0
12.1 0 Q12.1-A10 0
12.1 0 Q12.1-A11 0
12.1 0 Q12.1-A12 0
12.1 0 Q12.1-A13 0
12.2 0 Q12.2-A1 1
12.2 0 Q12.2-A2 1
12.2 0 Q12.2-A3 0
12.2 0 Q12.2-A4 0
12.2 0 Q12.2-A5 0
12.2 0 Q12.2-A6 0
12.3 0 Q12.3-A1 1
12.3 0 Q12.3-A2 1
12.3 0 Q12.3-A3 0
12.3 0 Q12.3-A4 0
12.3 0 Q12.3-A5 0
12.3 0 Q12.3-A6 0
12.3 0 Q12.3-A7 0
12.3 0 Q12.3-A8 0
13.1 0 Q13.1-A1 1
13.1 0 Q13.1-A2 1
13.1 0 Q13.1-A3 0
13.1 0 Q13.1-A4 0
13.1 0 Q13.1-A5 0
13.1 0 Q13.1-A6 0
13.1 0 Q13.1-A7 0
13.1 0 Q13.1-A8 0
13.1 0 Q13.1-A9 0
13.2 0 Q13.2-A1 1
13.2 0 Q13.2-A2 1
13.2 0 Q13.2-A3 1
13.2 0 Q13.2-A4 1
13.2 0 Q13.2-A5 1
13.2 0 Q13.2-A6 1
13.2 0 Q13.2-A7 1
13.2 0 Q13.2-A8 1
13.2 0 Q13.2-A9 0
13.2 0 Q13.2-A10 0
13.2 0 Q13.2-A11 0
13.2 0 Q13.2-A12 0
13.2 0 Q13.2-A13 0
13.2 0 Q13.2-A14 0
13.3 0 Q13.3-A1 1
13.3 0 Q13.3-A2 1
13.3 0 Q13.3-A3 1
13.3 0 Q13.3-A4 0
13.3 0 Q13.3-A5 0
13.3 0 Q13.3-A6 0
13.3 0 Q13.3-A7 0
13.3 0 Q13.3-A8 0
14.1 0 Q14.1-A1 1
14.1 0 Q14.1-A2 0
14.1 0 Q14.1-A3 0
14.1 0 Q14.1-A4 0
14.2 0 Q14.2-A1 1
14.2 0 Q14.2-A2 0
14.2 0 Q14.2-A3 0
14.2 0 Q14.2-A4 0
14.2 0 Q14.2-A5 0
14.2 0 Q14.2-A6 0
14.3 0 Q14.3-A1 1
14.3 0 Q14.3-A2 1
14.3 0 Q14.3-A3 1
14.4 0 Q14.4-A1 1
14.4 0 Q14.4-A2 1
15.2 0 Q15.2-A1 0
15.2 0 Q15.2-A2 0
15.2 0 Q15.2-A3 0
16.1 0 Q16.1-A1 1
16.1 0 Q16.1-A2 0
16.1 0 Q16.1-A3 0
16.2 0 Q16.2-A1 1
16.2 0 Q16.2-A2 1
16.2 0 Q16.2-A3 1
16.2 0 Q16.2-A4 1
16.2 0 Q16.2-A5 1
16.2 0 Q16.2-A6 0
16.2 0 Q16.2-A7 0
16.2 0 Q16.2-A8 0
16.2 0 Q16.2-A9 0
17.1 0 Q17.1-A1 1
17.1 0 Q17.1-A2 1
17.1 0 Q17.1-A3 1
17.1 0 Q17.1-A4 1
17.1 0 Q17.1-A5 1
17.1 0 Q17.1-A6 0
17.1 0 Q17.1-A7 0
17.1 0 Q17.1-A8 0
17.1 0 Q17.1-A9 0
17.1 0 Q17.1-A10 0
17.1 0 Q17.1-A11 0
17.1 0 Q17.1-A12 0
17.1 0 Q17.1-A13 0
17.1 0 Q17.1-A14 0
17.1 0 Q17.1-A15 0
17.1 0 Q17.1-A16 0
17.1 0 Q17.1-A17 0
17.1 0 Q17.1-A18 0
17.1 0 Q17.1-A19 0
17.1 0 Q17.1-A20 0
17.1 0 Q17.1-A21 0
17.1 0 Q17.1-A22 0
17.1 0 Q17.1-A23 0
17.1 0 Q17.1-A24 0
17.1 0 Q17.1-A25 0
17.1 0 Q17.1-A26 0
17.1 0 Q17.1-A27 0
17.1 0 Q17.1-A28 0
17.1 0 Q17.1-A29 0
17.1 0 Q17.1-A30 0
17.1 0 Q17.1-A31 0
17.1 0 Q17.1-A32 0
17.1 0 Q17.1-A33 0
17.1 0 Q17.1-A34 0
17.1 0 Q17.1-A35 0
17.1 0 Q17.1-A36 0
17.1 0 Q17.1-A37 0
17.1 0 Q17.1-A38 0
17.1 0 Q17.1-A39 0
17.1 0 Q17.1-A40 0
17.1 0 Q17.1-A41 0
17.1 0 Q17.1-A42 0
17.1 0 Q17.1-A43 0
17.1 0 Q17.1-A44 0
17.1 0 Q17.1-A45 0
17.1 0 Q17.1-A46 0
17.1 0 Q17.1-A47 0
17.1 0 Q17.1-A48 0
17.1 0 Q17.1-A49 0
17.1 0 Q17.1-A50 0
17.1 0 Q17.1-A51 0
17.1 0 Q17.1-A52 0
17.1 0 Q17.1-A53 0
17.1 0 Q17.1-A54 0
17.1 0 Q17.1-A55 0
17.1 0 Q17.1-A56 0
17.1 0 Q17.1-A57 0
17.1 0 Q17.1-A58 0
17.1 0 Q17.1-A59 0
17.1 0 Q17.1-A60 0
17.2 0 Q17.2-A1 1
17.2 0 Q17.2-A2 1
17.2 0 Q17.2-A3 1
17.2 0 Q17.2-A4 1
17.2 0 Q17.2-A5 1
17.2 0 Q17.2-A6 0
17.2 0 Q17.2-A7 0
17.2 0 Q17.2-A8 0
17.3 0 Q17.3-A1 1
17.3 0 Q17.3-A2 0
17.3 0 Q17.3-A3 0
17.3 0 Q17.3-A4 0
17.3 0 Q17.3-A5 0
18.1 0 Q18.1-A1 1
18.1 0 Q18.1-A2 1
18.1 0 Q18.1-A3 1
18.1 0 Q18.1-A4 1
18.1 0 Q18.1-A5 1
18.1 0 Q18.1-A6 1
18.1 0 Q18.1-A7 0
18.1 0 Q18.1-A8 0
18.1 0 Q18.1-A9 0
18.1 0 Q18.1-A10 0
18.1 0 Q18.1-A11 0
18.1 0 Q18.1-A12 0
18.1 0 Q18.1-A13 0
18.1 0 Q18.1-A14 0
18.1 0 Q18.1-A15 0
18.1 0 Q18.1-A16 0
18.5 0 Q18.5-A1 1
19.1 0 Q19.1-A1 1
19.1 0 Q19.1-A2 1
19.1 0 Q19.1-A3 1
19.1 0 Q19.1-A4 1
19.1 0 Q19.1-A5 0
19.1 0 Q19.1-A6 0
19.1 0 Q19.1-A7 0
19.1 0 Q19.1-A8 0
19.1 0 Q19.1-A9 0
19.1 0 Q19.1-A10 0
19.1 0 Q19.1-A11 0
19.2 0 Q19.2-A1 1
19.2 0 Q19.2-A2 1
19.2 0 Q19.2-A3 1
19.2 0 Q19.2-A4 1
19.2 0 Q19.2-A5 1
19.2 0 Q19.2-A6 0
19.2 0 Q19.2-A7 0
19.2 0 Q19.2-A8 0
19.2 0 Q19.2-A9 0
19.2 0 Q19.2-A10 0
19.2 0 Q19.2-A11 0
19.2 0 Q19.2-A12 0
19.2 0 Q19.2-A13 0
19.3 0 Q19.3-A1 1
19.3 0 Q19.3-A2 0
19.3 0 Q19.3-A3 0
19.3 0 Q19.3-A4 0
19.3 0 Q19.3-A5 0
19.3 0 Q19.3-A6 0
19.3 0 Q19.3-A7 0
19.3 0 Q19.3-A8 0
19.3 0 Q19.3-A9 0
19.4 0 Q19.4-A1 1
19.4 0 Q19.4-A2 0
19.4 0 Q19.4-A3 0
19.4 0 Q19.4-A4 0
19.4 0 Q19.4-A5 0
19.4 0 Q19.4-A6 0
19.4 0 Q19.4-A7 0
19.4 0 Q19.4-A8 0
19.4 0 Q19.4-A9 0
19.5 0 Q19.5-A1 1
20.1 0 Q20.1-A1 1
20.1 0 Q20.1-A2 1
20.1 0 Q20.1-A3 1
20.1 0 Q20.1-A4 1
20.1 0 Q20.1-A5 1
20.1 0 Q20.1-A6 1
20.1 0 Q20.1-A7 1
20.1 0 Q20.1-A8 1
20.1 0 Q20.1-A9 0
20.1 0 Q20.1-A10 0
20.1 0 Q20.1-A11 0
20.1 0 Q20.1-A12 0
20.1 0 Q20.1-A13 0
20.1 0 Q20.1-A14 0
20.1 0 Q20.1-A15 0
20.1 0 Q20.1-A16 0
20.1 0 Q20.1-A17 0
20.1 0 Q20.1-A18 0
20.1 0 Q20.1-A19 0
20.1 0 Q20.1-A20 0
20.1 0 Q20.1-A21 0
20.1 0 Q20.1-A22 0
20.1 0 Q20.1-A23 0
20.1 0 Q20.1-A24 0
20.1 0 Q20.1-A25 0
20.1 0 Q20.1-A26 0
20.1 0 Q20.1-A27 0
20.1 0 Q20.1-A28 0
20.1 0 Q20.1-A29 0
20.1 0 Q20.1-A30 0
20.1 0 Q20.1-A31 0
20.1 0 Q20.1-A32 0
20.1 0 Q20.1-A33 0
20.1 0 Q20.1-A34 0
20.1 0 Q20.1-A35 0
20.1 0 Q20.1-A36 0
20.1 0 Q20.1-A37 0
20.1 0 Q20.1-A38 0
20.1 0 Q20.1-A39 0
20.1 0 Q20.1-A40 0
20.1 0 Q20.1-A41 0
20.1 0 Q20.1-A42 0
20.1 0 Q20.1-A43 0
20.1 0 Q20.1-A44 0
20.1 0 Q20.1-A45 0
20.1 0 Q20.1-A46 0
20.1 0 Q20.1-A47 0
20.1 0 Q20.1-A48 0
20.1 0 Q20.1-A49 0
20.1 0 Q20.1-A50 0
20.1 0 Q20.1-A51 0
20.1 0 Q20.1-A52 0
20.3 0 Q20.3-A1 1
20.3 0 Q20.3-A2 1
20.3 0 Q20.3-A3 0
20.3 0 Q20.3-A4 0
20.3 0 Q20.3-A5 0
20.3 0 Q20.3-A6 0
20.3 0 Q20.3-A7 0
20.3 0 Q20.3-A8 0
20.3 0 Q20.3-A9 0
20.3 0 Q20.3-A10 0
20.3 0 Q20.3-A11 0
20.3 0 Q20.3-A12 0
20.3 0 Q20.3-A13 0
20.3 0 Q20.3-A14 0
20.3 0 Q20.3-A15 0
20.3 0 Q20.3-A16 0
20.3 0 Q20.3-A17 0
20.3 0 Q20.3-A18 0
20.3 0 Q20.3-A19 0
20.3 0 Q20.3-A20 0
20.3 0 Q20.3-A21 0
20.3 0 Q20.3-A22 0
20.3 0 Q20.3-A23 0
20.3 0 Q20.3-A24 0
20.3 0 Q20.3-A25 0
20.3 0 Q20.3-A26 0
20.3 0 Q20.3-A27 0
20.3 0 Q20.3-A28 0
20.3 0 Q20.3-A29 0
20.3 0 Q20.3-A30 0
20.3 0 Q20.3-A31 0
20.3 0 Q20.3-A32 0
20.3 0 Q20.3-A33 0
20.3 0 Q20.3-A34 0
20.3 0 Q20.3-A35 0
20.3 0 Q20.3-A36 0
20.3 0 Q20.3-A37 0
20.3 0 Q20.3-A38 0
20.3 0 Q20.3-A39 0
20.3 0 Q20.3-A40 0
20.3 0 Q20.3-A41 0
20.3 0 Q20.3-A42 0
20.3 0 Q20.3-A43 0
20.3 0 Q20.3-A44 0
20.3 0 Q20.3-A45 0
20.3 0 Q20.3-A46 0
20.3 0 Q20.3-A47 0
20.3 0 Q20.3-A48 0
20.3 0 Q20.3-A49 0
20.3 0 Q20.3-A50 0
20.3 0 Q20.3-A51 0
20.3 0 Q20.3-A52 0
20.3 0 Q20.3-A53 0
20.3 0 Q20.3-A54 0
20.3 0 Q20.3-A55 0
20.3 0 Q20.3-A56 0
20.3 0 Q20.3-A57 0
20.3 0 Q20.3-A58 0
20.3 0 Q20.3-A59 0
20.4 0 Q20.4-A1 1
20.4 0 Q20.4-A2 1
20.4 0 Q20.4-A3 1
20.4 0 Q20.4-A4 1
20.4 0 Q20.4-A5 1
20.4 0 Q20.4-A6 1
20.4 0 Q20.4-A7 1
20.4 0 Q20.4-A8 0
20.4 0 Q20.4-A9 0
20.4 0 Q20.4-A10 0
20.4 0 Q20.4-A11 0
20.4 0 Q20.4-A12 0
20.4 0 Q20.4-A13 0
20.4 0 Q20.4-A14 0
20.4 0 Q20.4-A15 0
20.4 0 Q20.4-A16 0
20.4 0 Q20.4-A17 0
20.4 0 Q20.4-A18 0
20.4 0 Q20.4-A19 0
20.4 0 Q20.4-A20 0
20.4 0 Q20.4-A21 0
20.4 0 Q20.4-A22 0
20.4 0 Q20.4-A23 0
20.4 0 Q20.4-A24 0
20.4 0 Q20.4-A25 0
20.4 0 Q20.4-A26 0
20.4 0 Q20.4-A27 0
20.4 0 Q20.4-A28 0
20.4 0 Q20.4-A29 0
20.4 0 Q20.4-A30 0
20.4 0 Q20.4-A31 0
20.4 0 Q20.4-A32 0
20.4 0 Q20.4-A33 0
20.4 0 Q20.4-A34 0
20.4 0 Q20.4-A35 0
20.4 0 Q20.4-A36 0
20.4 0 Q20.4-A37 0
20.4 0 Q20.4-A38 0
20.4 0 Q20.4-A39 0
20.4 0 Q20.4-A40 0
20.4 0 Q20.4-A41 0
20.4 0 Q20.4-A42 0
20.4 0 Q20.4-A43 0
20.4 0 Q20.4-A44 0
20.4 0 Q20.4-A45 0
20.4 0 Q20.4-A46 0
20.4 0 Q20.4-A47 0
20.4 0 Q20.4-A48 0
20.4 0 Q20.4-A49 0
20.4 0 Q20.4-A50 0
20.4 0 Q20.4-A51 0
20.4 0 Q20.4-A52 0
20.4 0 Q20.4-A53 0
20.4 0 Q20.4-A54 0
20.4 0 Q20.4-A55 0
20.4 0 Q20.4-A56 0
20.4 0 Q20.4-A57 0
20.4 0 Q20.4-A58 0
20.4 0 Q20.4-A59 0
20.4 0 Q20.4-A60 0
20.4 0 Q20.4-A61 0
20.4 0 Q20.4-A62 0
20.4 0 Q20.4-A63 0
20.4 0 Q20.4-A64 0
20.4 0 Q20.4-A65 0
20.4 0 Q20.4-A66 0
20.4 0 Q20.4-A67 0
20.4 0 Q20.4-A68 0
20.4 0 Q20.4-A69 0
20.4 0 Q20.4-A70 0
20.4 0 Q20.4-A71 0
20.4 0 Q20.4-A72 0
20.4 0 Q20.4-A73 0
20.4 0 Q20.4-A74 0
20.4 0 Q20.4-A75 0
20.4 0 Q20.4-A76 0
20.4 0 Q20.4-A77 0
20.4 0 Q20.4-A78 0
20.4 0 Q20.4-A79 0
20.4 0 Q20.4-A80 0
20.4 0 Q20.4-A81 0
20.4 0 Q20.4-A82 0
20.4 0 Q20.4-A83 0
20.4 0 Q20.4-A84 0
20.4 0 Q20.4-A85 0
20.4 0 Q20.4-A86 0
20.4 0 Q20.4-A87 0
20.4 0 Q20.4-A88 0
21.1 0 Q21.1-A1 1
21.1 0 Q21.1-A2 0
21.1 0 Q21.1-A3 0
21.1 0 Q21.1-A4 0
21.1 0 Q21.1-A5 0
21.1 0 Q21.1-A6 0
21.1 0 Q21.1-A7 0
21.1 0 Q21.1-A8 0
21.1 0 Q21.1-A9 0
21.1 0 Q21.1-A10 0
21.1 0 Q21.1-A11 0
22.1 0 Q22.1-A1 1
22.1 0 Q22.1-A2 1
22.1 0 Q22.1-A3 0
22.1 0 Q22.1-A4 0
22.1 0 Q22.1-A5 0
22.1 0 Q22.1-A6 0
22.1 0 Q22.1-A7 0
22.1 0 Q22.1-A8 0
22.1 0 Q22.1-A9 0
22.1 0 Q22.1-A10 0
22.1 0 Q22.1-A11 0
22.1 0 Q22.1-A12 0
22.1 0 Q22.1-A13 0
22.1 0 Q22.1-A14 0
22.1 0 Q22.1-A15 0
22.1 0 Q22.1-A16 0
22.1 0 Q22.1-A17 0
22.1 0 Q22.1-A18 0
22.1 0 Q22.1-A19 0
22.1 0 Q22.1-A20 0
22.1 0 Q22.1-A21 0
22.1 0 Q22.1-A22 0
22.1 0 Q22.1-A23 0
22.1 0 Q22.1-A24 0
22.1 0 Q22.1-A25 0
22.1 0 Q22.1-A26 0
22.1 0 Q22.1-A27 0
22.1 0 Q22.1-A28 0
22.1 0 Q22.1-A29 0
22.1 0 Q22.1-A30 0
22.1 0 Q22.1-A31 0
22.1 0 Q22.1-A32 0
22.1 0 Q22.1-A33 0
22.1 0 Q22.1-A34 0
22.1 0 Q22.1-A35 0
22.1 0 Q22.1-A36 0
22.1 0 Q22.1-A37 0
22.1 0 Q22.1-A38 0
22.1 0 Q22.1-A39 0
22.1 0 Q22.1-A40 0
22.1 0 Q22.1-A41 0
22.1 0 Q22.1-A42 0
22.1 0 Q22.1-A43 0
22.2 0 Q22.2-A1 1
22.2 0 Q22.2-A2 1
22.2 0 Q22.2-A3 0
22.2 0 Q22.2-A4 0
22.2 0 Q22.2-A5 0
22.2 0 Q22.2-A6 0
22.3 0 Q22.3-A1 1
22.3 0 Q22.3-A2 0
22.3 0 Q22.3-A3 0
22.3 0 Q22.3-A4 0
23.1 0 Q23.1-A1 1
23.1 0 Q23.1-A2 1
23.1 0 Q23.1-A3 0
23.1 0 Q23.1-A4 0
23.1 0 Q23.1-A5 0
23.2 0 Q23.2-A1 1
23.2 0 Q23.2-A2 1
23.2 0 Q23.2-A3 0
23.2 0 Q23.2-A4 0
23.2 0 Q23.2-A5 0
23.3 0 Q23.3-A1 1
23.3 0 Q23.3-A2 1
23.3 0 Q23.3-A3 0
23.3 0 Q23.3-A4 0
23.3 0 Q23.3-A5 0
23.4 0 Q23.4-A1 1
24.1 0 Q24.1-A1 1
24.1 0 Q24.1-A2 0
24.1 0 Q24.1-A3 0
24.1 0 Q24.1-A4 0
24.1 0 Q24.1-A5 0
24.1 0 Q24.1-A6 0
24.1 0 Q24.1-A7 0
24.1 0 Q24.1-A8 0
24.1 0 Q24.1-A9 0
24.1 0 Q24.1-A10 0
24.1 0 Q24.1-A11 0
24.1 0 Q24.1-A12 0
24.2 0 Q24.2-A1 1
24.2 0 Q24.2-A2 1
24.2 0 Q24.2-A3 1
24.2 0 Q24.2-A4 0
25.1 0 Q25.1-A1 1
25.1 0 Q25.1-A2 1
25.1 0 Q25.1-A3 0
25.1 0 Q25.1-A4 0
25.1 0 Q25.1-A5 0
25.1 0 Q25.1-A6 0
25.1 0 Q25.1-A7 0
25.1 0 Q25.1-A8 0
25.1 0 Q25.1-A9 0
25.1 0 Q25.1-A10 0
25.1 0 Q25.1-A11 0
25.1 0 Q25.1-A12 0
25.2 0 Q25.2-A1 1
25.3 0 Q25.3-A1 1
25.3 0 Q25.3-A2 1
25.3 0 Q25.3-A3 0
26.1 0 Q26.1-A1 1
26.1 0 Q26.1-A2 0
26.2 0 Q26.2-A1 1
26.2 0 Q26.2-A2 0
26.4 0 Q26.4-A1 1
27.1 0 Q27.1-A1 1
27.1 0 Q27.1-A2 1
27.1 0 Q27.1-A3 1
27.1 0 Q27.1-A4 1
27.1 0 Q27.1-A5 1
27.1 0 Q27.1-A6 1
27.1 0 Q27.1-A7 0
27.1 0 Q27.1-A8 0
27.1 0 Q27.1-A9 0
27.1 0 Q27.1-A10 0
27.1 0 Q27.1-A11 0
27.1 0 Q27.1-A12 0
27.1 0 Q27.1-A13 0
27.1 0 Q27.1-A14 0
27.1 0 Q27.1-A15 0
27.1 0 Q27.1-A16 0
27.1 0 Q27.1-A17 0
27.1 0 Q27.1-A18 0
27.1 0 Q27.1-A19 0
27.1 0 Q27.1-A20 0
27.1 0 Q27.1-A21 0
27.1 0 Q27.1-A22 0
27.1 0 Q27.1-A23 0
27.1 0 Q27.1-A24 0
27.1 0 Q27.1-A25 0
27.1 0 Q27.1-A26 0
27.1 0 Q27.1-A27 0
27.1 0 Q27.1-A28 0
27.1 0 Q27.1-A29 0
27.1 0 Q27.1-A30 0
27.1 0 Q27.1-A31 0
27.1 0 Q27.1-A32 0
27.1 0 Q27.1-A33 0
27.1 0 Q27.1-A34 0
27.1 0 Q27.1-A35 0
27.1 0 Q27.1-A36 0
27.1 0 Q27.1-A37 0
27.1 0 Q27.1-A38 0
27.1 0 Q27.1-A39 0
27.1 0 Q27.1-A40 0
27.1 0 Q27.1-A41 0
27.1 0 Q27.1-A42 0
27.1 0 Q27.1-A43 0
27.1 0 Q27.1-A44 0
27.1 0 Q27.1-A45 0
27.1 0 Q27.1-A46 0
27.2 0 Q27.2-A1 1
27.2 0 Q27.2-A2 1
27.2 0 Q27.2-A3 1
27.2 0 Q27.2-A4 0
27.2 0 Q27.2-A5 0
27.4 0 Q27.4-A1 1
27.4 0 Q27.4-A2 0
28.1 0 Q28.1-A1 1
28.1 0 Q28.1-A2 1
28.1 0 Q28.1-A3 0
28.1 0 Q28.1-A4 0
28.1 0 Q28.1-A5 0
28.1 0 Q28.1-A6 0
28.1 0 Q28.1-A7 0
28.1 0 Q28.1-A8 0
28.1 0 Q28.1-A9 0
28.1 0 Q28.1-A10 0
28.1 0 Q28.1-A11 0
28.1 0 Q28.1-A12 0
28.1 0 Q28.1-A13 0
28.1 0 Q28.1-A14 0
28.1 0 Q28.1-A15 0
28.1 0 Q28.1-A16 0
28.1 0 Q28.1-A17 0
28.1 0 Q28.1-A18 0
28.1 0 Q28.1-A19 0
28.1 0 Q28.1-A20 0
28.1 0 Q28.1-A21 0
28.1 0 Q28.1-A22 0
28.2 0 Q28.2-A1 1
28.3 0 Q28.3-A1 1
28.4 0 Q28.4-A1 1
28.4 0 Q28.4-A2 1
28.4 0 Q28.4-A3 0
28.4 0 Q28.4-A4 0
28.4 0 Q28.4-A5 0
28.4 0 Q28.4-A6 0
28.4 0 Q28.4-A7 0
28.4 0 Q28.4-A8 0
28.4 0 Q28.4-A9 0
28.4 0 Q28.4-A10 0
28.4 0 Q28.4-A11 0
29.1 0 Q29.1-A1 1
29.1 0 Q29.1-A2 0
29.1 0 Q29.1-A3 0
29.1 0 Q29.1-A4 0
29.1 0 Q29.1-A5 0
29.1 0 Q29.1-A6 0
29.1 0 Q29.1-A7 0
29.1 0 Q29.1-A8 0
29.1 0 Q29.1-A9 0
29.1 0 Q29.1-A10 0
29.1 0 Q29.1-A11 0
29.1 0 Q29.1-A12 0
29.1 0 Q29.1-A13 0
29.1 0 Q29.1-A14 0
29.2 0 Q29.2-A1 1
29.2 0 Q29.2-A2 1
29.3 0 Q29.3-A1 1
29.3 0 Q29.3-A2 1
29.3 0 Q29.3-A3 0
29.3 0 Q29.3-A4 0
30.1 0 Q30.1-A1 1
31.3 0 Q31.3-A1 1
31.3 0 Q31.3-A2 0
31.3 0 Q31.3-A3 0
31.3 0 Q31.3-A4 0
31.3 0 Q31.3-A5 0
31.4 0 Q31.4-A1 0
31.4 0 Q31.4-A2 0
31.4 0 Q31.4-A3 0
31.5 0 Q31.5-A1 1
